2.77110708	0.91231478
2.48700452	2.54166536
0.72664511	0.93598373
4.30446766	0.28002166
3.74141444	0.07449812
2.62188370	0.64234551
3.32129118	-0.40969425
2.26202047	0.05885998
3.01911735	1.71193922
1.96167031	1.23970210
4.16404258	0.28085252
2.84991869	-1.19178245
1.92492126	0.31919894
2.19758193	-1.62072876
1.64973358	1.81757329
2.87065413	-0.84400911
3.29023074	-0.49913230
3.95883693	-0.36064818
1.95521594	-1.49123786
3.75141897	0.54882053
3.64482765	1.90577953
2.93198351	2.40539956
3.29221366	-1.20681872
3.60159536	-0.56319023
3.60522993	0.00074727
3.06626443	-0.11978712
2.74400867	0.88008495
2.56086809	-1.37869464
1.05152185	-0.54649882
3.04493914	-1.21187456
1.76314889	-1.45695401
3.79773448	0.30173784
3.30950894	-1.86651770
3.54543066	-1.16217520
2.53362461	-0.91054375
2.72067879	0.37282544
1.59849921	1.81233834
3.41184390	-0.84488848
1.62117529	0.77065968
3.20309926	-0.73231268
1.59055918	1.20921394
4.07010026	0.58444496
2.07834050	-0.02689778
3.93265370	-0.61545511
3.32285142	1.17423316
3.59304379	-0.81995582
2.91144016	-0.34608470
2.38916567	-1.73303336
5.11443170	0.58398925
3.59964227	1.25840961
3.77977123	0.85773533
2.12070899	-0.14273022
3.18456401	-2.77607982
2.22615754	0.93848406
3.39618003	0.70292740
2.96870481	-0.39234685
3.24214403	0.91512930
4.39025460	0.56461233
3.01921435	-1.22282580
3.16602346	0.36410766
3.31429927	-0.43815475
3.37015746	0.07373542
4.03142840	-0.34815443
2.24481143	-1.01952675
2.50684771	-1.08994918
2.43943851	-1.79012334
3.49007081	0.95132457
2.44025883	-0.12876508
2.75527907	-0.42690529
3.14310917	0.13693842
3.15874008	1.12484980
2.74550857	0.44689589
2.40309378	0.32000172
4.05490071	-0.37872682
4.17626132	0.41629761
2.71388526	-0.34792210
2.77100131	-0.51135805
3.80951415	0.90781525
1.82311997	0.07986989
2.25796384	1.05640764
4.60314338	-0.34083940
3.55375015	1.48108603
3.13262858	0.17804368
3.75515537	-0.72769292
1.45324000	-0.72583600
3.43698509	0.75339162
2.13480406	0.88554351
3.87554263	0.12143689
2.61549819	0.70440710
2.79539908	0.05474329
3.29987341	1.36673733
3.88699524	0.31219041
2.32202957	0.25659664
1.94769836	0.96463220
2.08382978	1.09447960
3.45140635	0.46982882
2.74252320	-0.80353597
3.64273224	-1.09025813
2.55738910	1.14529793
1.00214211	-0.47490814
3.05740988	3.88256236
4.63065345	5.28902051
3.86840649	4.40481859
5.29070928	6.66963396
4.19353865	6.51078516
3.84210379	3.58226192
3.63737418	5.38345601
4.87546201	5.89664522
4.66117341	5.39869361
6.23413559	3.83707971
5.77281573	4.80978243
3.30041200	4.10968085
3.57632803	5.29209313
4.22480021	4.22600706
5.02822285	6.43771563
3.08242504	5.38669136
3.18828223	4.50053474
3.44575874	5.90419699
2.59372280	5.07876981
4.97850553	5.25966026
3.69534660	5.61464489
4.83141133	4.59698906
5.15087994	3.82789626
5.97366713	5.56373275
2.29937868	6.31245075
5.24823979	5.35606663
2.08363116	4.93144234
2.93220959	4.46402410
4.79739690	4.76538395
4.24986043	3.88807748
2.94753083	5.13232126
3.06436397	2.80541605
3.84968038	3.87663531
5.41937749	3.25300307
4.20245819	5.92984123
3.50705559	6.50097803
3.43439128	7.08902435
4.48889396	6.46651104
3.80062622	5.85840095
3.15531980	4.55994393
1.02737037	5.01420421
4.07624076	4.90420108
3.40247781	3.36535056
4.75683801	4.78369129
5.75189489	4.81546908
3.88728743	6.08104029
2.52436467	3.46889849
4.94031632	4.87630254
4.85286954	4.48253963
4.22033762	3.99110915
3.74473898	3.26651165
3.54090057	5.22160148
4.01176480	5.35389820
4.64136876	3.78731765
3.40578863	5.10694039
6.38144162	5.71642474
4.14512980	3.76092398
3.59562500	5.40916906
4.09626489	5.08969886
4.18242653	4.46768775
4.20704644	3.72671393
5.46853346	5.03738817
6.32736501	3.09705916
5.38542038	3.57364005
3.34957491	4.76545307
5.56503970	5.54533243
4.75799232	3.85895963
5.65315047	5.54047799
4.07419153	3.12516599
3.92308769	6.14920944
3.99116336	5.91387298
4.13546767	4.27556799
2.26615891	4.68497572
4.37639322	3.18741561
2.91586464	4.72202317
4.39121506	6.42979220
5.08485621	6.22159262
3.65613465	1.98819387
4.38186036	5.24483678
5.42466399	4.56359498
3.42363314	3.80794319
2.95726996	5.82862390
5.13726563	4.03307153
5.25910380	4.20505518
4.23439710	6.39297018
3.68354349	5.91530786
4.16777076	6.47575615
3.80119139	3.88265033
4.50029931	5.93839092
4.35905061	4.48564213
4.23343493	5.23420286
4.54422088	4.66135754
5.35682764	4.35341837
2.96929085	4.83401623
2.70092208	4.46728512
4.64573717	4.49861894
2.99076289	5.13735620
3.90950064	6.50636257
4.88439300	5.65350065
4.95723434	4.13892715
-4.32231125	-7.67333331
-6.19957549	-5.86011796
-3.40244411	-5.29072137
-6.05386405	-6.25968976
-6.77253479	-5.42664838
-2.93093316	-6.03006928
-5.47344015	-6.27292957
-3.41111599	-5.58963314
-6.01696014	-6.03478637
-5.03892509	-5.51399422
-5.31929361	-4.64434444
-4.47350831	-5.66798012
-6.00947724	-4.30011436
-4.55365149	-4.73784608
-7.06554696	-5.82590007
-2.99910759	-3.51175228
-5.25670447	-6.04517192
-5.14617046	-4.39836833
-5.28285450	-6.70489074
-6.14948270	-7.25569334
-5.30544122	-7.03540819
-5.08456818	-5.39723064
-3.05887112	-6.68476020
-4.31455742	-5.53477024
-3.41515993	-6.88066688
-5.55172526	-6.52137111
-4.09472513	-5.11511973
-5.90928737	-7.42818995
-1.95634430	-8.93316859
-5.56301864	-6.44359923
-4.24560333	-5.44267907
-4.79604905	-5.17349717
-6.22683025	-6.41116595
-6.25616926	-5.60956576
-5.92463361	-4.19186908
-5.40878906	-8.46860755
-4.09105984	-7.13115514
-3.67590842	-6.67922719
-5.19689729	-6.59854927
-4.13888593	-6.53126976
-4.60523680	-5.51038327
-5.13029517	-5.65849365
-5.16222564	-6.69987323
-5.15783055	-4.68023163
-3.42386590	-5.17992480
-5.26729545	-6.08673757
-5.47202292	-6.17065007
-5.91083035	-4.80619167
-4.94172116	-6.96310520
-4.72931758	-6.48089529
-5.11060589	-6.09152799
-5.74192749	-6.35636463
-4.83202356	-6.20716982
-5.04858246	-7.52703199
-3.66832519	-6.18392003
-3.85403039	-6.10781840
-2.62994151	-7.61298760
-4.65069407	-4.29290851
-4.60269169	-5.83988106
-6.31568802	-5.01282980
-6.52194444	-7.36328811
-5.72113810	-6.97850423
-4.60207699	-7.07159963
-5.25611227	-6.13068352
-3.88599631	-5.53197217
-2.57089940	-5.55910194
-5.40530172	-7.50792902
-6.40490047	-5.68049215
-5.83733214	-6.46431021
-7.86067480	-5.40063679
-5.47321734	-5.94034591
-6.79820938	-3.28823103
-5.38081449	-7.56801688
-4.83415591	-4.80880740
-4.95948162	-4.80363315
-5.56248284	-5.89022205
-6.51484623	-5.03340543
-3.65828424	-5.32507150
-3.72981984	-6.63037984
-5.00680952	-5.71147669
-4.95170326	-7.03813382
-4.49088702	-6.10422264
-5.91881176	-5.94170443
-5.13526028	-5.77976449
-4.35712961	-6.43116815
-4.25185298	-5.76307955
-4.57270516	-6.79918719
-3.60295954	-5.51675340
-4.03514090	-7.11796484
-3.89453153	-5.15838634
-4.23054194	-8.01956408
-4.69727071	-5.41668677
-4.75840604	-5.24189884
-5.83037309	-6.71295543
-4.28595282	-6.25449256
-6.53644327	-6.35387418
-5.96305612	-6.59827463
-4.91375177	-6.10330812
-5.18650727	-6.75180584
-4.55109124	-6.00249897
